----------------------------------------------
                 Case 0                    
----------------------------------------------
K:   4 M:   4 N:  4
A: 
   181     85    134     32 
    18    164     96    254 
    94    103    171    219 
   115    152     14     38 

B: 
   145    247    212    205 
   215     77    234    194 
   108    134    115     38 
    72     89    195     87 

C: 
 61296  72056  79912  61471 
 66526  52544 102762  61252 
 70011  73554 106400  64803 
 53603  45367  68968  56901 

