----------------------------------------------
                 Case 0                    
----------------------------------------------
K:   4 M:   4 N:  4
A: 
   221    120     51     87 
   197    179     14     10 
   233     29     56      9 
   129    185    198    123 

B: 
   180    209    212    221 
   251    153     77     64 
   246     36    128    227 
   143    248     71    217 

C: 
 94887  87961  68797  86977 
 85263  71544  58049  60341 
 64282  57382  59436  68014 
135952  92898  75670 111986 

